year mon day euro
2005 1 3 1.3476
2005 1 4 1.3295
2005 1 5 1.3292
2005 1 6 1.3187
2005 1 7 1.3062
2005 1 10 1.3109
2005 1 11 1.3161
2005 1 12 1.3281
2005 1 13 1.3207
2005 1 14 1.3106
2005 1 18 1.3043
2005 1 19 1.3036
2005 1 20 1.2959
2005 1 21 1.3049
2005 1 24 1.3041
2005 1 25 1.2954
2005 1 26 1.3081
2005 1 27 1.3032
2005 1 28 1.3033
2005 1 31 1.3049
2005 2 1 1.3017
2005 2 2 1.3015
2005 2 3 1.2959
2005 2 4 1.2927
2005 2 7 1.2773
2005 2 8 1.2783
2005 2 9 1.2797
2005 2 10 1.2882
2005 2 11 1.2864
2005 2 14 1.2981
2005 2 15 1.2986
2005 2 16 1.2994
2005 2 17 1.3083
2005 2 18 1.3075
2005 2 22 1.323
2005 2 23 1.3208
2005 2 24 1.3205
2005 2 25 1.3195
2005 2 28 1.3274
2005 3 1 1.3189
2005 3 2 1.3127
2005 3 3 1.313
2005 3 4 1.3244
2005 3 7 1.3203
2005 3 8 1.3342
2005 3 9 1.3384
2005 3 10 1.3409
2005 3 11 1.3465
2005 3 14 1.3346
2005 3 15 1.3315
2005 3 16 1.3423
2005 3 17 1.3373
2005 3 18 1.3311
2005 3 21 1.3165
2005 3 22 1.321
2005 3 23 1.3005
2005 3 24 1.2957
2005 3 25 1.2954
2005 3 28 1.2877
2005 3 29 1.2913
2005 3 30 1.2944
2005 3 31 1.2969
2005 4 1 1.2896
2005 4 4 1.2838
2005 4 5 1.2842
2005 4 6 1.2868
2005 4 7 1.2906
2005 4 8 1.2912
2005 4 11 1.2972
2005 4 12 1.2873
2005 4 13 1.2918
2005 4 14 1.2819
2005 4 15 1.2928
2005 4 18 1.3037
2005 4 19 1.3034
2005 4 20 1.308
2005 4 21 1.3093
2005 4 22 1.3068
2005 4 25 1.2984
2005 4 26 1.2964
2005 4 27 1.2938
2005 4 28 1.2916
2005 4 29 1.2919
2005 5 2 1.2857
2005 5 3 1.2889
2005 5 4 1.2936
2005 5 5 1.2936
2005 5 6 1.2832
2005 5 9 1.2839
2005 5 10 1.2877
2005 5 11 1.2803
2005 5 12 1.2706
2005 5 13 1.2645
2005 5 16 1.263
2005 5 17 1.2644
2005 5 18 1.266
2005 5 19 1.2628
2005 5 20 1.2553
2005 5 23 1.2575
2005 5 24 1.2588
2005 5 25 1.2602
2005 5 26 1.2517
2005 5 27 1.2568
2005 5 31 1.2349
2005 6 1 1.2232
2005 6 2 1.2266
2005 6 3 1.2227
2005 6 6 1.2268
2005 6 7 1.2277
2005 6 8 1.232
2005 6 9 1.2216
2005 6 10 1.2127
2005 6 13 1.2035
2005 6 14 1.2038
2005 6 15 1.2106
2005 6 16 1.2089
2005 6 17 1.224
2005 6 20 1.214
2005 6 21 1.2134
2005 6 22 1.213
2005 6 23 1.2054
2005 6 24 1.2088
2005 6 27 1.2152
2005 6 28 1.2078
2005 6 29 1.2101
2005 6 30 1.2098
2005 7 1 1.1957
2005 7 5 1.1917
2005 7 6 1.1918
2005 7 7 1.1928
2005 7 8 1.1934
2005 7 11 1.2066
2005 7 12 1.22
2005 7 13 1.209
2005 7 14 1.2089
2005 7 15 1.2037
2005 7 18 1.2077
2005 7 19 1.2001
2005 7 20 1.2046
2005 7 21 1.2113
2005 7 22 1.2079
2005 7 25 1.2054
2005 7 26 1.2007
2005 7 27 1.2048
2005 7 28 1.2121
2005 7 29 1.2129
2005 8 1 1.2195
2005 8 2 1.2209
2005 8 3 1.2337
2005 8 4 1.2383
2005 8 5 1.2327
2005 8 8 1.2361
2005 8 9 1.2347
2005 8 10 1.2345
2005 8 11 1.2434
2005 8 12 1.2428
2005 8 15 1.2362
2005 8 16 1.2342
2005 8 17 1.229
2005 8 18 1.2178
2005 8 19 1.2147
2005 8 22 1.2235
2005 8 23 1.2213
2005 8 24 1.2239
2005 8 25 1.2311
2005 8 26 1.2324
2005 8 29 1.2248
2005 8 30 1.2204
2005 8 31 1.233
2005 9 1 1.2447
2005 9 2 1.2538
2005 9 6 1.2483
2005 9 7 1.2439
2005 9 8 1.24
2005 9 9 1.2433
2005 9 12 1.2288
2005 9 13 1.2263
2005 9 14 1.2282
2005 9 15 1.2216
2005 9 16 1.2214
2005 9 19 1.2153
2005 9 20 1.2177
2005 9 21 1.2208
2005 9 22 1.2153
2005 9 23 1.2077
2005 9 26 1.2036
2005 9 27 1.2011
2005 9 28 1.2016
2005 9 29 1.202
2005 9 30 1.2058
2005 10 3 1.1914
2005 10 4 1.1918
2005 10 5 1.1984
2005 10 6 1.2133
2005 10 7 1.2115
2005 10 11 1.2015
2005 10 12 1.204
2005 10 13 1.1938
2005 10 14 1.2073
2005 10 17 1.204
2005 10 18 1.1939
2005 10 19 1.1988
2005 10 20 1.1982
2005 10 21 1.1958
2005 10 24 1.1998
2005 10 25 1.2099
2005 10 26 1.2082
2005 10 27 1.2148
2005 10 28 1.2089
2005 10 31 1.1995
2005 11 1 1.1998
2005 11 2 1.2067
2005 11 3 1.1971
2005 11 4 1.1828
2005 11 7 1.1795
2005 11 8 1.1773
2005 11 9 1.1748
2005 11 10 1.174
2005 11 14 1.1667
2005 11 15 1.1695
2005 11 16 1.1672
2005 11 17 1.1706
2005 11 18 1.1741
2005 11 21 1.1734
2005 11 22 1.1737
2005 11 23 1.1799
2005 11 25 1.1724
2005 11 28 1.1804
2005 11 29 1.1786
2005 11 30 1.179
2005 12 1 1.1702
2005 12 2 1.1699
2005 12 5 1.1787
2005 12 6 1.1784
2005 12 7 1.1722
2005 12 8 1.183
2005 12 9 1.1824
2005 12 12 1.1969
2005 12 13 1.1926
2005 12 14 1.2041
2005 12 15 1.1965
2005 12 16 1.2012
2005 12 19 1.1996
2005 12 20 1.1848
2005 12 21 1.1816
2005 12 22 1.1883
2005 12 23 1.1857
2005 12 27 1.1856
2005 12 28 1.1875
2005 12 29 1.1846
2005 12 30 1.1842
2006 1 3 1.198
2006 1 4 1.2091
2006 1 5 1.2101
2006 1 6 1.2148
2006 1 9 1.2064
2006 1 10 1.2063
2006 1 11 1.2135
2006 1 12 1.2035
2006 1 13 1.2103
2006 1 17 1.2073
2006 1 18 1.2083
2006 1 19 1.211
2006 1 20 1.2101
2006 1 23 1.2276
2006 1 24 1.2287
2006 1 25 1.2252
2006 1 26 1.2229
2006 1 27 1.213
2006 1 30 1.2091
2006 1 31 1.2158
2006 2 1 1.2092
2006 2 2 1.21
2006 2 3 1.2021
2006 2 6 1.1971
2006 2 7 1.1974
2006 2 8 1.1935
2006 2 9 1.1963
2006 2 10 1.192
2006 2 13 1.1905
2006 2 14 1.1895
2006 2 15 1.1884
2006 2 16 1.1882
2006 2 17 1.1906
2006 2 21 1.1912
2006 2 22 1.1905
2006 2 23 1.1923
2006 2 24 1.1882
2006 2 27 1.186
2006 2 28 1.1925
2006 3 1 1.1899
2006 3 2 1.2003
2006 3 3 1.2028
2006 3 6 1.2002
2006 3 7 1.1888
2006 3 8 1.1914
2006 3 9 1.192
2006 3 10 1.1886
2006 3 13 1.1942
2006 3 14 1.2025
2006 3 15 1.2045
2006 3 16 1.2151
2006 3 17 1.2197
2006 3 20 1.2168
2006 3 21 1.2079
2006 3 22 1.2095
2006 3 23 1.1984
2006 3 24 1.2034
2006 3 27 1.2015
2006 3 28 1.2078
2006 3 29 1.203
2006 3 30 1.2132
2006 3 31 1.2139
2006 4 3 1.2124
2006 4 4 1.2258
2006 4 5 1.2272
2006 4 6 1.2216
2006 4 7 1.2109
2006 4 10 1.2091
2006 4 11 1.2125
2006 4 12 1.2107
2006 4 13 1.2107
2006 4 14 1.2106
2006 4 17 1.2267
2006 4 18 1.2274
2006 4 19 1.2345
2006 4 20 1.2326
2006 4 21 1.234
2006 4 24 1.2373
2006 4 25 1.2412
2006 4 26 1.2464
2006 4 27 1.2525
2006 4 28 1.2624
2006 5 1 1.2607
2006 5 2 1.2644
2006 5 3 1.2639
2006 5 4 1.2684
2006 5 5 1.2733
2006 5 8 1.272
2006 5 9 1.2747
2006 5 10 1.2799
2006 5 11 1.2855
2006 5 12 1.2888
2006 5 15 1.2826
2006 5 16 1.2817
2006 5 17 1.2722
2006 5 18 1.2795
2006 5 19 1.275
2006 5 22 1.285
2006 5 23 1.2844
2006 5 24 1.2747
2006 5 25 1.2777
2006 5 26 1.2739
2006 5 30 1.2868
2006 5 31 1.2833
2006 6 1 1.2824
2006 6 2 1.2912
2006 6 5 1.2953
2006 6 6 1.2828
2006 6 7 1.2799
2006 6 8 1.2648
2006 6 9 1.2636
2006 6 12 1.2587
2006 6 13 1.2574
2006 6 14 1.2631
2006 6 15 1.2616
2006 6 16 1.2623
2006 6 19 1.2577
2006 6 20 1.2568
2006 6 21 1.2665
2006 6 22 1.2582
2006 6 23 1.2522
2006 6 26 1.2554
2006 6 27 1.2589
2006 6 28 1.2532
2006 6 29 1.2534
2006 6 30 1.2779
2006 7 3 1.2793
2006 7 5 1.2726
2006 7 6 1.2757
2006 7 7 1.2822
2006 7 10 1.2751
2006 7 11 1.2754
2006 7 12 1.2706
2006 7 13 1.2673
2006 7 14 1.2641
2006 7 17 1.2529
2006 7 18 1.25
2006 7 19 1.256
2006 7 20 1.2639
2006 7 21 1.2684
2006 7 24 1.263
2006 7 25 1.2576
2006 7 26 1.2628
2006 7 27 1.2732
2006 7 28 1.2748
2006 7 31 1.2764
2006 8 1 1.2778
2006 8 2 1.2798
2006 8 3 1.2779
2006 8 4 1.2894
2006 8 7 1.2867
2006 8 8 1.2839
2006 8 9 1.2888
2006 8 10 1.2765
2006 8 11 1.2757
2006 8 14 1.2735
2006 8 15 1.2788
2006 8 16 1.2864
2006 8 17 1.287
2006 8 18 1.281
2006 8 21 1.2914
2006 8 22 1.2804
2006 8 23 1.2794
2006 8 24 1.276
2006 8 25 1.2767
2006 8 28 1.2784
2006 8 29 1.2768
2006 8 30 1.2825
2006 8 31 1.2793
2006 9 1 1.2833
2006 9 5 1.281
2006 9 6 1.2787
2006 9 7 1.2757
2006 9 8 1.2673
2006 9 11 1.2699
2006 9 12 1.2693
2006 9 13 1.2708
2006 9 14 1.2736
2006 9 15 1.2648
2006 9 18 1.2671
2006 9 19 1.2683
2006 9 20 1.2701
2006 9 21 1.273
2006 9 22 1.2796
2006 9 25 1.2747
2006 9 26 1.2687
2006 9 27 1.2699
2006 9 28 1.2697
2006 9 29 1.2687
2006 10 2 1.2744
2006 10 3 1.2727
2006 10 4 1.2687
2006 10 5 1.2687
2006 10 6 1.26
2006 10 10 1.2541
2006 10 11 1.2547
2006 10 12 1.2537
2006 10 13 1.2502
2006 10 16 1.2518
2006 10 17 1.2564
2006 10 18 1.2516
2006 10 19 1.2594
2006 10 20 1.2613
2006 10 23 1.2544
2006 10 24 1.2565
2006 10 25 1.2591
2006 10 26 1.2669
2006 10 27 1.2725
2006 10 30 1.2717
2006 10 31 1.2773
2006 11 1 1.2771
2006 11 2 1.278
2006 11 3 1.2705
2006 11 6 1.2715
2006 11 7 1.2806
2006 11 8 1.2775
2006 11 9 1.2835
2006 11 10 1.2861
2006 11 13 1.281
2006 11 14 1.2812
2006 11 15 1.2808
2006 11 16 1.2808
2006 11 17 1.2823
2006 11 20 1.281
2006 11 21 1.2824
2006 11 22 1.2928
2006 11 24 1.3081
2006 11 27 1.312
2006 11 28 1.3162
2006 11 29 1.3146
2006 11 30 1.3261
2006 12 1 1.3316
2006 12 4 1.3327
2006 12 5 1.3327
2006 12 6 1.3307
2006 12 7 1.3296
2006 12 8 1.3215
2006 12 11 1.3223
2006 12 12 1.3233
2006 12 13 1.3215
2006 12 14 1.3174
2006 12 15 1.3095
2006 12 18 1.3073
2006 12 19 1.3194
2006 12 20 1.3183
2006 12 21 1.3175
2006 12 22 1.3131
2006 12 26 1.3132
2006 12 27 1.3125
2006 12 28 1.3158
2006 12 29 1.3197
2007 1 2 1.3286
2007 1 3 1.3169
2007 1 4 1.3094
2007 1 5 1.3005
2007 1 8 1.3023
2007 1 9 1.2995
2007 1 10 1.294
2007 1 11 1.2904
2007 1 12 1.2926
2007 1 16 1.2918
2007 1 17 1.2948
2007 1 18 1.2942
2007 1 19 1.2968
2007 1 22 1.2957
2007 1 23 1.3025
2007 1 24 1.2964
2007 1 25 1.298
2007 1 26 1.2909
2007 1 29 1.2948
2007 1 30 1.2954
2007 1 31 1.2998
2007 2 1 1.3021
2007 2 2 1.296
2007 2 5 1.2933
2007 2 6 1.2969
2007 2 7 1.302
2007 2 8 1.3034
2007 2 9 1.3005
2007 2 12 1.2962
2007 2 13 1.3024
2007 2 14 1.3126
2007 2 15 1.314
2007 2 16 1.3137
2007 2 20 1.3134
2007 2 21 1.3126
2007 2 22 1.3134
2007 2 23 1.3164
2007 2 26 1.3159
2007 2 27 1.3246
2007 2 28 1.323
2007 3 1 1.3173
2007 3 2 1.3182
2007 3 5 1.3094
2007 3 6 1.3108
2007 3 7 1.3148
2007 3 8 1.3129
2007 3 9 1.3118
2007 3 12 1.3186
2007 3 13 1.3199
2007 3 14 1.3227
2007 3 15 1.3249
2007 3 16 1.3307
2007 3 19 1.3299
2007 3 20 1.3291
2007 3 21 1.3305
2007 3 22 1.3359
2007 3 23 1.3302
2007 3 26 1.3336
2007 3 27 1.3357
2007 3 28 1.3331
2007 3 29 1.3336
2007 3 30 1.3374
2007 4 2 1.3374
2007 4 3 1.3363
2007 4 4 1.3364
2007 4 5 1.3426
2007 4 6 1.338
2007 4 9 1.3367
2007 4 10 1.3436
2007 4 11 1.3436
2007 4 12 1.3484
2007 4 13 1.3518
2007 4 16 1.355
2007 4 17 1.3569
2007 4 18 1.3574
2007 4 19 1.3605
2007 4 20 1.3601
2007 4 23 1.358
2007 4 24 1.3622
2007 4 25 1.3647
2007 4 26 1.359
2007 4 27 1.3625
2007 4 30 1.366
2007 5 1 1.36
2007 5 2 1.3598
2007 5 3 1.3566
2007 5 4 1.3587
2007 5 7 1.3616
2007 5 8 1.3532
2007 5 9 1.3549
2007 5 10 1.3512
2007 5 11 1.3519
2007 5 14 1.3544
2007 5 15 1.3603
2007 5 16 1.3522
2007 5 17 1.3494
2007 5 18 1.3511
2007 5 21 1.3457
2007 5 22 1.3464
2007 5 23 1.3482
2007 5 24 1.3429
2007 5 25 1.3452
2007 5 29 1.3483
2007 5 30 1.3419
2007 5 31 1.3453
2007 6 1 1.344
2007 6 4 1.3488
2007 6 5 1.3526
2007 6 6 1.3492
2007 6 7 1.3456
2007 6 8 1.3359
2007 6 11 1.3359
2007 6 12 1.3325
2007 6 13 1.3295
2007 6 14 1.3311
2007 6 15 1.3365
2007 6 18 1.3401
2007 6 19 1.3416
2007 6 20 1.3426
2007 6 21 1.3399
2007 6 22 1.3438
2007 6 25 1.345
2007 6 26 1.3468
2007 6 27 1.3433
2007 6 28 1.3466
2007 6 29 1.352
2007 7 2 1.3627
2007 7 3 1.3615
2007 7 5 1.3592
2007 7 6 1.3626
2007 7 9 1.3623
2007 7 10 1.3714
2007 7 11 1.3757
2007 7 12 1.3776
2007 7 13 1.3788
2007 7 16 1.3785
2007 7 17 1.3782
2007 7 18 1.3808
2007 7 19 1.3811
2007 7 20 1.3831
2007 7 23 1.3817
2007 7 24 1.3824
2007 7 25 1.3711
2007 7 26 1.373
2007 7 27 1.3647
2007 7 30 1.3681
2007 7 31 1.3711
2007 8 1 1.3682
2007 8 2 1.3693
2007 8 3 1.3785
2007 8 6 1.3789
2007 8 7 1.3747
2007 8 8 1.3808
2007 8 9 1.3701
2007 8 10 1.3686
2007 8 13 1.3624
2007 8 14 1.3581
2007 8 15 1.3479
2007 8 16 1.3402
2007 8 17 1.3492
2007 8 20 1.3468
2007 8 21 1.3483
2007 8 22 1.3535
2007 8 23 1.356
2007 8 24 1.3645
2007 8 27 1.3645
2007 8 28 1.3626
2007 8 29 1.3675
2007 8 30 1.3648
2007 8 31 1.3641
2007 9 3 1.3641
2007 9 4 1.3606
2007 9 5 1.3669
2007 9 6 1.3697
2007 9 7 1.3772
2007 9 10 1.3794
2007 9 11 1.3837
2007 9 12 1.3904
2007 9 13 1.3885
2007 9 14 1.3848
2007 9 17 1.386
2007 9 18 1.3869
2007 9 19 1.395
2007 9 20 1.4092
2007 9 21 1.4076
2007 9 24 1.4086
2007 9 25 1.4128
2007 9 26 1.4126
2007 9 27 1.4138
2007 9 28 1.4219
2007 10 1 1.4229
2007 10 2 1.4163
2007 10 3 1.4135
2007 10 4 1.4128
2007 10 5 1.4154
2007 10 8 1.4154
2007 10 9 1.4092
2007 10 10 1.4157
2007 10 11 1.4228
2007 10 12 1.4168
2007 10 15 1.4216
2007 10 16 1.4165
2007 10 17 1.4208
2007 10 18 1.4291
2007 10 19 1.4263
2007 10 22 1.4138
2007 10 23 1.4248
2007 10 24 1.4237
2007 10 25 1.4299
2007 10 26 1.439
2007 10 29 1.4405
2007 10 30 1.4424
2007 10 31 1.4468
2007 11 1 1.4435
2007 11 2 1.4481
2007 11 5 1.4469
2007 11 6 1.4555
2007 11 7 1.4667
2007 11 8 1.4691
2007 11 9 1.4665
2007 11 13 1.4598
2007 11 14 1.467
2007 11 15 1.4639
2007 11 16 1.4652
2007 11 19 1.4658
2007 11 20 1.4787
2007 11 21 1.4829
2007 11 22 1.4829
2007 11 23 1.4825
2007 11 26 1.4862
2007 11 27 1.4817
2007 11 28 1.475
2007 11 29 1.4766
2007 11 30 1.4688
2007 12 3 1.4657
2007 12 4 1.4759
2007 12 5 1.4666
2007 12 6 1.4638
2007 12 7 1.4664
2007 12 10 1.4714
2007 12 11 1.4702
2007 12 12 1.4702
2007 12 13 1.4591
2007 12 14 1.4433
2007 12 17 1.4369
2007 12 18 1.4392
2007 12 19 1.4344
2007 12 20 1.4353
2007 12 21 1.4361
2007 12 24 1.4409
2007 12 26 1.45
2007 12 27 1.4601
2007 12 28 1.4718
2007 12 31 1.4603
2008 1 2 1.4738
2008 1 3 1.4736
2008 1 4 1.4786
2008 1 7 1.4684
2008 1 8 1.4717
2008 1 9 1.4663
2008 1 10 1.474
2008 1 11 1.4787
2008 1 14 1.4877
2008 1 15 1.4842
2008 1 16 1.4643
2008 1 17 1.469
2008 1 18 1.4616
2008 1 22 1.4609
2008 1 23 1.4574
2008 1 24 1.4737
2008 1 25 1.4673
2008 1 28 1.4789
2008 1 29 1.4767
2008 1 30 1.4782
2008 1 31 1.4841
2008 2 1 1.4851
2008 2 4 1.4832
2008 2 5 1.4638
2008 2 6 1.4647
2008 2 7 1.4495
2008 2 8 1.4505
2008 2 11 1.4506
2008 2 12 1.4592
2008 2 13 1.4569
2008 2 14 1.4635
2008 2 15 1.4674
2008 2 19 1.4742
2008 2 20 1.4663
2008 2 21 1.4813
2008 2 22 1.4825
2008 2 25 1.4822
2008 2 26 1.4889
2008 2 27 1.5132
2008 2 28 1.5172
2008 2 29 1.5187
2008 3 3 1.5195
2008 3 4 1.521
2008 3 5 1.5282
2008 3 6 1.5356
2008 3 7 1.5333
2008 3 10 1.5369
2008 3 11 1.5329
2008 3 12 1.5495
2008 3 13 1.5584
2008 3 14 1.5604
2008 3 17 1.5765
2008 3 18 1.5784
2008 3 19 1.5642
2008 3 20 1.5417
2008 3 21 1.5447
2008 3 24 1.5394
2008 3 25 1.5595
2008 3 26 1.5761
2008 3 27 1.5798
2008 3 28 1.5759
2008 3 31 1.5805
2008 4 1 1.5615
2008 4 2 1.5618
2008 4 3 1.5667
2008 4 4 1.5735
2008 4 7 1.5713
2008 4 8 1.5705
2008 4 9 1.5804
2008 4 10 1.5744
2008 4 11 1.5796
2008 4 14 1.5827
2008 4 15 1.5801
2008 4 16 1.5978
2008 4 17 1.5924
2008 4 18 1.5742
2008 4 21 1.5881
2008 4 22 1.601
2008 4 23 1.5898
2008 4 24 1.5668
2008 4 25 1.5634
2008 4 28 1.5648
2008 4 29 1.5604
2008 4 30 1.5568
2008 5 1 1.5458
2008 5 2 1.5431
2008 5 5 1.5491
2008 5 6 1.5548
2008 5 7 1.537
2008 5 8 1.5409
2008 5 9 1.5447
2008 5 12 1.5536
2008 5 13 1.5509
2008 5 14 1.5467
2008 5 15 1.5492
2008 5 16 1.5591
2008 5 19 1.5516
2008 5 20 1.5667
2008 5 21 1.5772
2008 5 22 1.5703
2008 5 23 1.5784
2008 5 27 1.5731
2008 5 28 1.5628
2008 5 29 1.5527
2008 5 30 1.556
2008 6 2 1.555
2008 6 3 1.5454
2008 6 4 1.5453
2008 6 5 1.556
2008 6 6 1.5731
2008 6 9 1.5718
2008 6 10 1.5473
2008 6 11 1.5562
2008 6 12 1.5418
2008 6 13 1.5368
2008 6 16 1.5472
2008 6 17 1.5519
2008 6 18 1.5502
2008 6 19 1.5502
2008 6 20 1.5626
2008 6 23 1.5492
2008 6 24 1.5591
2008 6 25 1.557
2008 6 26 1.5738
2008 6 27 1.5749
2008 6 30 1.5748
2008 7 1 1.5778
2008 7 2 1.5869
2008 7 3 1.5708
2008 7 7 1.5646
2008 7 8 1.5653
2008 7 9 1.5744
2008 7 10 1.5771
2008 7 11 1.5898
2008 7 14 1.5914
2008 7 15 1.5923
2008 7 16 1.5847
2008 7 17 1.5861
2008 7 18 1.5855
2008 7 21 1.5877
2008 7 22 1.5811
2008 7 23 1.5708
2008 7 24 1.5657
2008 7 25 1.5687
2008 7 28 1.5747
2008 7 29 1.5588
2008 7 30 1.5559
2008 7 31 1.5589
2008 8 1 1.5567
2008 8 4 1.5569
2008 8 5 1.5468
2008 8 6 1.5409
2008 8 7 1.5341
2008 8 8 1.5047
2008 8 11 1.4958
2008 8 12 1.4905
2008 8 13 1.4895
2008 8 14 1.4856
2008 8 15 1.4695
2008 8 18 1.473
2008 8 19 1.4746
2008 8 20 1.4701
2008 8 21 1.4875
2008 8 22 1.48
2008 8 25 1.4803
2008 8 26 1.466
2008 8 27 1.4684
2008 8 28 1.4685
2008 8 29 1.4669
2008 9 2 1.4522
2008 9 3 1.4489
2008 9 4 1.436
2008 9 5 1.4273
2008 9 8 1.4126
2008 9 9 1.4173
2008 9 10 1.402
2008 9 11 1.3939
2008 9 12 1.4172
2008 9 15 1.4175
2008 9 16 1.4155
2008 9 17 1.4215
2008 9 18 1.4382
2008 9 19 1.4384
2008 9 22 1.4697
2008 9 23 1.4737
2008 9 24 1.4655
2008 9 25 1.4643
2008 9 26 1.4596
2008 9 29 1.4381
2008 9 30 1.4081
2008 10 1 1.4058
2008 10 2 1.3854
2008 10 3 1.3816
2008 10 6 1.3508
2008 10 7 1.3649
2008 10 8 1.368
2008 10 9 1.3646
2008 10 10 1.3471
2008 10 14 1.3658
2008 10 15 1.3567
2008 10 16 1.3416
2008 10 17 1.3462
2008 10 20 1.3314
2008 10 21 1.3102
2008 10 22 1.2835
2008 10 23 1.2878
2008 10 24 1.2639
2008 10 27 1.2446
2008 10 28 1.2476
2008 10 29 1.2851
2008 10 30 1.285
2008 10 31 1.2682
2008 11 3 1.2719
2008 11 4 1.3021
2008 11 5 1.3039
2008 11 6 1.2756
2008 11 7 1.2777
2008 11 10 1.276
2008 11 12 1.2558
2008 11 13 1.2526
2008 11 14 1.2731
2008 11 17 1.2726
2008 11 18 1.269
2008 11 19 1.2595
2008 11 20 1.2525
2008 11 21 1.2531
2008 11 24 1.289
2008 11 25 1.303
2008 11 26 1.2828
2008 11 28 1.2694
2008 12 1 1.2634
2008 12 2 1.2724
2008 12 3 1.2669
2008 12 4 1.284
2008 12 5 1.2654
2008 12 8 1.2942
2008 12 9 1.2937
2008 12 10 1.3024
2008 12 11 1.3294
2008 12 12 1.3349
2008 12 15 1.3664
2008 12 16 1.381
2008 12 17 1.4358
2008 12 18 1.4298
2008 12 19 1.3875
2008 12 22 1.3952
2008 12 23 1.3966
2008 12 24 1.3964
2008 12 26 1.4062
2008 12 29 1.4232
2008 12 30 1.4085
2008 12 31 1.3919
2009 1 2 1.3946
2009 1 5 1.3576
2009 1 6 1.3445
2009 1 7 1.3718
2009 1 8 1.3714
2009 1 9 1.3495
2009 1 12 1.3347
2009 1 13 1.3198
2009 1 14 1.3174
2009 1 15 1.3094
2009 1 16 1.3244
2009 1 20 1.2946
2009 1 21 1.287
2009 1 22 1.2955
2009 1 23 1.2849
2009 1 26 1.3123
2009 1 27 1.3159
2009 1 28 1.3244
2009 1 29 1.2988
2009 1 30 1.2804
2009 2 2 1.2808
2009 2 3 1.301
2009 2 4 1.2857
2009 2 5 1.2838
2009 2 6 1.2874
2009 2 9 1.3064
2009 2 10 1.2966
2009 2 11 1.2893
2009 2 12 1.2822
2009 2 13 1.2879
2009 2 17 1.2571
2009 2 18 1.2547
2009 2 19 1.2675
2009 2 20 1.269
2009 2 23 1.2747
2009 2 24 1.2742
2009 2 25 1.2731
2009 2 26 1.2764
2009 2 27 1.2662
2009 3 2 1.258
2009 3 3 1.2549
2009 3 4 1.2607
2009 3 5 1.2565
2009 3 6 1.2674
2009 3 9 1.2636
2009 3 10 1.2752
2009 3 11 1.2774
2009 3 12 1.2799
2009 3 13 1.2891
2009 3 16 1.2997
2009 3 17 1.2972
2009 3 18 1.311
2009 3 19 1.373
2009 3 20 1.3566
2009 3 23 1.3569
2009 3 24 1.3524
2009 3 25 1.3539
2009 3 26 1.356
2009 3 27 1.3306
2009 3 30 1.3146
2009 3 31 1.3261
2009 4 1 1.3223
2009 4 2 1.3458
2009 4 3 1.3447
2009 4 6 1.3363
2009 4 7 1.3282
2009 4 8 1.3288
2009 4 9 1.3149
2009 4 10 1.3143
2009 4 13 1.3354
2009 4 14 1.3277
2009 4 15 1.3182
2009 4 16 1.3197
2009 4 17 1.303
2009 4 20 1.2903
2009 4 21 1.2978
2009 4 22 1.3012
2009 4 23 1.3048
2009 4 24 1.3277
2009 4 27 1.3136
2009 4 28 1.3061
2009 4 29 1.3324
2009 4 30 1.3244
2009 5 1 1.3267
2009 5 4 1.3365
2009 5 5 1.3375
2009 5 6 1.3313
2009 5 7 1.3411
2009 5 8 1.3494
2009 5 11 1.362
2009 5 12 1.3638
2009 5 13 1.3612
2009 5 14 1.3608
2009 5 15 1.3539
2009 5 18 1.3503
2009 5 19 1.3608
2009 5 20 1.3765
2009 5 21 1.3804
2009 5 22 1.4005
2009 5 26 1.3992
2009 5 27 1.3924
2009 5 28 1.3948
2009 5 29 1.4126
2009 6 1 1.4192
2009 6 2 1.427
2009 6 3 1.4194
2009 6 4 1.4187
2009 6 5 1.399
2009 6 8 1.3884
2009 6 9 1.4014
2009 6 10 1.3983
2009 6 11 1.4093
2009 6 12 1.404
2009 6 15 1.3784
2009 6 16 1.3878
2009 6 17 1.385
2009 6 18 1.3978
2009 6 19 1.3998
2009 6 22 1.3846
2009 6 23 1.4035
2009 6 24 1.4015
2009 6 25 1.3953
2009 6 26 1.4056
2009 6 29 1.4058
2009 6 30 1.402
2009 7 1 1.4186
2009 7 2 1.4018
2009 7 3 1.3991
2009 7 6 1.3938
2009 7 7 1.3965
2009 7 8 1.3852
2009 7 9 1.4026
2009 7 10 1.3926
2009 7 13 1.3973
2009 7 14 1.3971
2009 7 15 1.4116
2009 7 16 1.4115
2009 7 17 1.412
2009 7 20 1.4211
2009 7 21 1.4196
2009 7 22 1.422
2009 7 23 1.4266
2009 7 24 1.4213
2009 7 27 1.4212
2009 7 28 1.4215
2009 7 29 1.4033
2009 7 30 1.4066
2009 7 31 1.4279
2009 8 3 1.4416
2009 8 4 1.44
2009 8 5 1.4391
2009 8 6 1.4357
2009 8 7 1.418
2009 8 10 1.4143
2009 8 11 1.4141
2009 8 12 1.4215
2009 8 13 1.4283
2009 8 14 1.4216
2009 8 17 1.4088
2009 8 18 1.4075
2009 8 19 1.4262
2009 8 20 1.4235
2009 8 21 1.4305
2009 8 24 1.432
2009 8 25 1.435
2009 8 26 1.423
2009 8 27 1.4272
2009 8 28 1.4358
2009 8 31 1.4354
2009 9 1 1.4235
2009 9 2 1.4246
2009 9 3 1.4278
2009 9 4 1.4278
2009 9 8 1.4497
2009 9 9 1.4573
2009 9 10 1.4568
2009 9 11 1.4586
2009 9 14 1.4613
2009 9 15 1.4617
2009 9 16 1.4698
2009 9 17 1.4735
2009 9 18 1.4704
2009 9 21 1.4692
2009 9 22 1.4795
2009 9 23 1.4752
2009 9 24 1.4696
2009 9 25 1.4682
2009 9 28 1.465
2009 9 29 1.4553
2009 9 30 1.463
2009 10 1 1.4532
2009 10 2 1.459
2009 10 5 1.4647
2009 10 6 1.4744
2009 10 7 1.4675
2009 10 8 1.4777
2009 10 9 1.4715
2009 10 13 1.4839
2009 10 14 1.4899
2009 10 15 1.4945
2009 10 16 1.4889
2009 10 19 1.4947
2009 10 20 1.4905
2009 10 21 1.5009
2009 10 22 1.5003
2009 10 23 1.5029
2009 10 26 1.4941
2009 10 27 1.4821
2009 10 28 1.4763
2009 10 29 1.4819
2009 10 30 1.4755
2009 11 2 1.4828
2009 11 3 1.4658
2009 11 4 1.4836
2009 11 5 1.4857
2009 11 6 1.4835
2009 11 9 1.4999
2009 11 10 1.496
2009 11 12 1.4865
2009 11 13 1.4886
2009 11 16 1.4977
2009 11 17 1.483
2009 11 18 1.499
2009 11 19 1.4905
2009 11 20 1.487
2009 11 23 1.4968
2009 11 24 1.4937
2009 11 25 1.5085
2009 11 27 1.4963
2009 11 30 1.4994
2009 12 1 1.51
2009 12 2 1.5059
2009 12 3 1.5081
2009 12 4 1.4885
2009 12 7 1.482
2009 12 8 1.4741
2009 12 9 1.4725
2009 12 10 1.4716
2009 12 11 1.4601
2009 12 14 1.4645
2009 12 15 1.4514
2009 12 16 1.4577
2009 12 17 1.4317
2009 12 18 1.4281
2009 12 21 1.4319
2009 12 22 1.4243
2009 12 23 1.4341
2009 12 24 1.4367
2009 12 28 1.4392
2009 12 29 1.4356
2009 12 30 1.4316
2009 12 31 1.4332
2010 1 4 1.4419
2010 1 5 1.4402
2010 1 6 1.4404
2010 1 7 1.4314
2010 1 8 1.4357
2010 1 11 1.4536
2010 1 12 1.4523
2010 1 13 1.4492
2010 1 14 1.4478
2010 1 15 1.4376
2010 1 19 1.4269
2010 1 20 1.4094
2010 1 21 1.4106
2010 1 22 1.4154
2010 1 25 1.4146
2010 1 26 1.4063
2010 1 27 1.4053
2010 1 28 1.3993
2010 1 29 1.387
2010 2 1 1.3904
2010 2 2 1.3955
2010 2 3 1.3907
2010 2 4 1.3759
2010 2 5 1.3608
2010 2 8 1.3699
2010 2 9 1.3795
2010 2 10 1.3722
2010 2 11 1.364
2010 2 12 1.3625
2010 2 16 1.3742
2010 2 17 1.3623
2010 2 18 1.3563
2010 2 19 1.3538
2010 2 22 1.359
2010 2 23 1.3537
2010 2 24 1.3576
2010 2 25 1.3476
2010 2 26 1.366
2010 3 1 1.3516
2010 3 2 1.3564
2010 3 3 1.3731
2010 3 4 1.3571
2010 3 5 1.3608
2010 3 8 1.3613
2010 3 9 1.3586
2010 3 10 1.3658
2010 3 11 1.3674
2010 3 12 1.3753
2010 3 15 1.3652
2010 3 16 1.3758
2010 3 17 1.3739
2010 3 18 1.3603
2010 3 19 1.353
2010 3 22 1.3531
2010 3 23 1.3535
2010 3 24 1.3347
2010 3 25 1.3344
2010 3 26 1.3398
2010 3 29 1.3465
2010 3 30 1.3409
2010 3 31 1.3526
2010 4 1 1.3569
2010 4 2 1.3487
2010 4 5 1.3486
2010 4 6 1.3378
2010 4 7 1.3364
2010 4 8 1.336
2010 4 9 1.3468
2010 4 12 1.3587
2010 4 13 1.3592
2010 4 14 1.3666
2010 4 15 1.354
2010 4 16 1.3487
2010 4 19 1.3458
2010 4 20 1.3446
2010 4 21 1.3383
2010 4 22 1.3298
2010 4 23 1.336
2010 4 26 1.3336
2010 4 27 1.323
2010 4 28 1.313
2010 4 29 1.3243
2010 4 30 1.3302
2010 5 3 1.3183
2010 5 4 1.3037
2010 5 5 1.289
2010 5 6 1.2689
2010 5 7 1.2721
2010 5 10 1.2861
2010 5 11 1.2715
2010 5 12 1.2642
2010 5 13 1.2568
2010 5 14 1.239
2010 5 17 1.2299
2010 5 18 1.2358
2010 5 19 1.2317
2010 5 20 1.237
2010 5 21 1.2575
2010 5 24 1.2406
2010 5 25 1.2279
2010 5 26 1.2224
2010 5 27 1.237
2010 5 28 1.2369
2010 6 1 1.2266
2010 6 2 1.2206
2010 6 3 1.2193
2010 6 4 1.1998
2010 6 7 1.1959
2010 6 8 1.1995
2010 6 9 1.2045
2010 6 10 1.2111
2010 6 11 1.2077
2010 6 14 1.2277
2010 6 15 1.2327
2010 6 16 1.2323
2010 6 17 1.2365
2010 6 18 1.236
2010 6 21 1.2385
2010 6 22 1.2303
2010 6 23 1.231
2010 6 24 1.2288
2010 6 25 1.2332
2010 6 28 1.2316
2010 6 29 1.2187
2010 6 30 1.2291
2010 7 1 1.2464
2010 7 2 1.2577
2010 7 6 1.2646
2010 7 7 1.2594
2010 7 8 1.2683
2010 7 9 1.2639
2010 7 12 1.2573
2010 7 13 1.2719
2010 7 14 1.2755
2010 7 15 1.2893
2010 7 16 1.2919
2010 7 19 1.2963
2010 7 20 1.2905
2010 7 21 1.2818
2010 7 22 1.2903
2010 7 23 1.2874
2010 7 26 1.2983
2010 7 27 1.2983
2010 7 28 1.2998
2010 7 29 1.3064
2010 7 30 1.3069
2010 8 2 1.3174
2010 8 3 1.3239
2010 8 4 1.3158
2010 8 5 1.3157
2010 8 6 1.3282
2010 8 9 1.3241
2010 8 10 1.3095
2010 8 11 1.2899
2010 8 12 1.2866
2010 8 13 1.2767
2010 8 16 1.2838
2010 8 17 1.289
2010 8 18 1.2872
2010 8 19 1.2837
2010 8 20 1.2687
2010 8 23 1.2663
2010 8 24 1.2675
2010 8 25 1.2652
2010 8 26 1.2717
2010 8 27 1.2765
2010 8 30 1.2686
2010 8 31 1.2704
2010 9 1 1.2813
2010 9 2 1.2824
2010 9 3 1.2885
2010 9 7 1.2723
2010 9 8 1.2727
2010 9 9 1.2708
2010 9 10 1.2731
2010 9 13 1.289
2010 9 14 1.3014
2010 9 15 1.3008
2010 9 16 1.3079
2010 9 17 1.3046
2010 9 20 1.3074
2010 9 21 1.3136
2010 9 22 1.3385
2010 9 23 1.3344
2010 9 24 1.3476
2010 9 27 1.3475
2010 9 28 1.3583
2010 9 29 1.3638
2010 9 30 1.3601
2010 10 1 1.3754
2010 10 4 1.3688
2010 10 5 1.3834
2010 10 6 1.3924
2010 10 7 1.3921
2010 10 8 1.3923
2010 10 12 1.3846
2010 10 13 1.3964
2010 10 14 1.4066
2010 10 15 1.3998
2010 10 18 1.3978
2010 10 19 1.3827
2010 10 20 1.3949
2010 10 21 1.3973
2010 10 22 1.3904
2010 10 25 1.3986
2010 10 26 1.3873
2010 10 27 1.3788
2010 10 28 1.3929
2010 10 29 1.3894
2010 11 1 1.3888
2010 11 2 1.4026
2010 11 3 1.4014
2010 11 4 1.4224
2010 11 5 1.4033
2010 11 8 1.3927
2010 11 9 1.3865
2010 11 10 1.3728
2010 11 12 1.37
2010 11 15 1.3615
2010 11 16 1.3517
2010 11 17 1.3555
2010 11 18 1.3618
2010 11 19 1.3654
2010 11 22 1.3612
2010 11 23 1.3388
2010 11 24 1.335
2010 11 26 1.3243
2010 11 29 1.3092
2010 11 30 1.3036
2010 12 1 1.3149
2010 12 2 1.3228
2010 12 3 1.3367
2010 12 6 1.3275
2010 12 7 1.3323
2010 12 8 1.3242
2010 12 9 1.3206
2010 12 10 1.3242
2010 12 13 1.3389
2010 12 14 1.3395
2010 12 15 1.3306
2010 12 16 1.3206
2010 12 17 1.3155
2010 12 20 1.3124
2010 12 21 1.3131
2010 12 22 1.3089
2010 12 23 1.3101
2010 12 27 1.3146
2010 12 28 1.3122
2010 12 29 1.3183
2010 12 30 1.3269
2011 1 3 1.3371
2011 1 4 1.3306
2011 1 5 1.3171
2011 1 6 1.3027
2011 1 7 1.2944
2011 1 10 1.2945
2011 1 11 1.2978
2011 1 12 1.3066
2011 1 13 1.3364
2011 1 14 1.3328
2011 1 18 1.3399
2011 1 19 1.3495
2011 1 20 1.3443
2011 1 21 1.3581
2011 1 24 1.3653
2011 1 25 1.3644
2011 1 26 1.3688
2011 1 27 1.3688
2011 1 28 1.3607
2011 1 31 1.3715
2011 2 1 1.3793
2011 2 2 1.3779
2011 2 3 1.3654
2011 2 4 1.3584
2011 2 7 1.3557
2011 2 8 1.3687
2011 2 9 1.3688
2011 2 10 1.3637
2011 2 11 1.352
2011 2 14 1.3474
2011 2 15 1.3494
2011 2 16 1.3547
2011 2 17 1.3612
2011 2 18 1.3673
2011 2 22 1.3661
2011 2 23 1.3758
2011 2 24 1.3794
2011 2 25 1.3757
2011 2 28 1.3793
2011 3 1 1.3813
2011 3 2 1.3869
2011 3 3 1.3947
2011 3 4 1.3983
2011 3 7 1.3976
2011 3 8 1.3912
2011 3 9 1.3906
2011 3 10 1.3823
2011 3 11 1.3864
2011 3 14 1.3975
2011 3 15 1.3968
2011 3 16 1.3922
2011 3 17 1.4021
2011 3 18 1.4141
2011 3 21 1.4184
2011 3 22 1.4212
2011 3 23 1.4124
2011 3 24 1.42
2011 3 25 1.4144
2011 3 28 1.4104
2011 3 29 1.409
2011 3 30 1.4095
2011 3 31 1.4183
2011 4 1 1.4215
2011 4 4 1.4221
2011 4 5 1.423
2011 4 6 1.4333
2011 4 7 1.4287
2011 4 8 1.4437
2011 4 11 1.4454
2011 4 12 1.4455
2011 4 13 1.4477
2011 4 14 1.4464
2011 4 15 1.4443
2011 4 18 1.4211
2011 4 19 1.4319
2011 4 20 1.4513
2011 4 21 1.4585
2011 4 22 1.4545
2011 4 25 1.4576
2011 4 26 1.4625
2011 4 27 1.4659
2011 4 28 1.4785
2011 4 29 1.4821
2011 5 2 1.487
2011 5 3 1.4875
2011 5 4 1.4859
2011 5 5 1.4583
2011 5 6 1.4495
2011 5 9 1.4301
2011 5 10 1.4358
2011 5 11 1.4269
2011 5 12 1.4229
2011 5 13 1.4141
2011 5 16 1.4219
2011 5 17 1.4155
2011 5 18 1.427
2011 5 19 1.4254
2011 5 20 1.4172
2011 5 23 1.4015
2011 5 24 1.4107
2011 5 25 1.4102
2011 5 26 1.4088
2011 5 27 1.4287
2011 5 31 1.4376
2011 6 1 1.4431
2011 6 2 1.4426
2011 6 3 1.4604
2011 6 6 1.462
2011 6 7 1.4675
2011 6 8 1.4587
2011 6 9 1.4534
2011 6 10 1.4365
2011 6 13 1.4368
2011 6 14 1.4473
2011 6 15 1.4221
2011 6 16 1.4155
2011 6 17 1.4326
2011 6 20 1.432
2011 6 21 1.4399
2011 6 22 1.4403
2011 6 23 1.4166
2011 6 24 1.4189
2011 6 27 1.4282
2011 6 28 1.4368
2011 6 29 1.4428
2011 6 30 1.4523
2011 7 1 1.4508
2011 7 5 1.447
2011 7 6 1.4329
2011 7 7 1.4349
2011 7 8 1.4251
2011 7 11 1.4034
2011 7 12 1.4014
2011 7 13 1.4167
2011 7 14 1.4182
2011 7 15 1.4156
2011 7 18 1.4042
2011 7 19 1.4156
2011 7 20 1.4188
2011 7 21 1.4372
2011 7 22 1.4366
2011 7 25 1.4357
2011 7 26 1.4495
2011 7 27 1.4373
2011 7 28 1.4303
2011 7 29 1.4388
2011 8 1 1.4202
2011 8 2 1.4232
2011 8 3 1.432
2011 8 4 1.4158
2011 8 5 1.4158
2011 8 8 1.4241
2011 8 9 1.4242
2011 8 10 1.4193
2011 8 11 1.423
2011 8 12 1.4239
2011 8 15 1.4452
2011 8 16 1.4421
2011 8 17 1.4436
2011 8 18 1.432
2011 8 19 1.4408
2011 8 22 1.4384
2011 8 23 1.4431
2011 8 24 1.4402
2011 8 25 1.438
2011 8 26 1.4463
2011 8 29 1.451
2011 8 30 1.4435
2011 8 31 1.4406
2011 9 1 1.4283
2011 9 2 1.4203
2011 9 6 1.3999
2011 9 7 1.4058
2011 9 8 1.3947
2011 9 9 1.3666
2011 9 12 1.3635
2011 9 13 1.368
2011 9 14 1.371
2011 9 15 1.3858
2011 9 16 1.3783
2011 9 19 1.3636
2011 9 20 1.3697
2011 9 21 1.3724
2011 9 22 1.3446
2011 9 23 1.3518
2011 9 26 1.3516
2011 9 27 1.3606
2011 9 28 1.3628
2011 9 29 1.3639
2011 9 30 1.3449
2011 10 3 1.3281
2011 10 4 1.3294
2011 10 5 1.3328
2011 10 6 1.3408
2011 10 7 1.3512
2011 10 11 1.3657
2011 10 12 1.3805
2011 10 13 1.373
2011 10 14 1.3861
2011 10 17 1.377
2011 10 18 1.3719
2011 10 19 1.3775
2011 10 20 1.3672
2011 10 21 1.3873
2011 10 24 1.3932
2011 10 25 1.3911
2011 10 26 1.3838
2011 10 27 1.4172
2011 10 28 1.4164
2011 10 31 1.3947
2011 11 1 1.3676
2011 11 2 1.3803
2011 11 3 1.3744
2011 11 4 1.3761
2011 11 7 1.3744
2011 11 8 1.3785
2011 11 9 1.3596
2011 11 10 1.36
2011 11 14 1.3625
2011 11 15 1.3524
2011 11 16 1.3505
2011 11 17 1.3522
2011 11 18 1.3521
2011 11 21 1.3525
2011 11 22 1.35
2011 11 23 1.3347
2011 11 25 1.3244
2011 11 28 1.3334
2011 11 29 1.3343
2011 11 30 1.3453
2011 12 1 1.3487
2011 12 2 1.3386
2011 12 5 1.3463
2011 12 6 1.3397
2011 12 7 1.3386
2011 12 8 1.3324
2011 12 9 1.3368
2011 12 12 1.3188
2011 12 13 1.3094
2011 12 14 1.2972
2011 12 15 1.3013
2011 12 16 1.3025
2011 12 19 1.3017
2011 12 20 1.3076
2011 12 21 1.304
2011 12 22 1.3045
2011 12 23 1.304
2011 12 27 1.3074
2011 12 28 1.2926
2011 12 29 1.2952
2011 12 30 1.2973
2012 1 3 1.3061
2012 1 4 1.293
2012 1 5 1.2783
2012 1 6 1.2723
2012 1 9 1.2745
2012 1 10 1.2782
2012 1 11 1.2686
2012 1 12 1.2818
2012 1 13 1.2682
2012 1 17 1.274
2012 1 18 1.2825
2012 1 19 1.2937
2012 1 20 1.2948
2012 1 23 1.3035
2012 1 24 1.3004
2012 1 25 1.2978
2012 1 26 1.3152
2012 1 27 1.3192
2012 1 30 1.3123
2012 1 31 1.3053
2012 2 1 1.3179
2012 2 2 1.3167
2012 2 3 1.3106
2012 2 6 1.313
2012 2 7 1.3244
2012 2 8 1.3253
2012 2 9 1.3297
2012 2 10 1.3187
2012 2 13 1.3211
2012 2 14 1.3149
2012 2 15 1.3087
2012 2 16 1.311
2012 2 17 1.3149
2012 2 21 1.3255
2012 2 22 1.3251
2012 2 23 1.3308
2012 2 24 1.3463
2012 2 27 1.341
2012 2 28 1.3452
2012 2 29 1.3359
2012 3 1 1.332
2012 3 2 1.3202
2012 3 5 1.3226
2012 3 6 1.3114
2012 3 7 1.3149
2012 3 8 1.3256
2012 3 9 1.3108
2012 3 12 1.3141
2012 3 13 1.3109
2012 3 14 1.3025
2012 3 15 1.307
2012 3 16 1.3171
2012 3 19 1.3242
2012 3 20 1.3222
2012 3 21 1.319
2012 3 22 1.3194
2012 3 23 1.3263
2012 3 26 1.3328
2012 3 27 1.3336
2012 3 28 1.33
2012 3 29 1.3265
2012 3 30 1.3334
2012 4 2 1.3325
2012 4 3 1.3337
2012 4 4 1.3126
2012 4 5 1.3064
2012 4 6 1.3089
2012 4 9 1.3087
2012 4 10 1.3068
2012 4 11 1.3104
2012 4 12 1.3171
2012 4 13 1.3082
2012 4 16 1.3067
2012 4 17 1.3123
2012 4 18 1.3122
2012 4 19 1.3132
2012 4 20 1.3212
2012 4 23 1.3129
2012 4 24 1.3207
2012 4 25 1.321
2012 4 26 1.3232
2012 4 27 1.3248
2012 4 30 1.3229
2012 5 1 1.3226
2012 5 2 1.3154
2012 5 3 1.3147
2012 5 4 1.3091
2012 5 7 1.3052
2012 5 8 1.3015
2012 5 9 1.2954
2012 5 10 1.2959
2012 5 11 1.2937
2012 5 14 1.2847
2012 5 15 1.2769
2012 5 16 1.273
2012 5 17 1.2709
2012 5 18 1.2721
2012 5 21 1.2769
2012 5 22 1.2735
2012 5 23 1.2569
2012 5 24 1.2583
2012 5 25 1.2518
2012 5 29 1.2488
2012 5 30 1.2405
2012 5 31 1.2364
2012 6 1 1.242
2012 6 4 1.2495
2012 6 5 1.2437
2012 6 6 1.2535
2012 6 7 1.2568
2012 6 8 1.2482
2012 6 11 1.2504
2012 6 12 1.2477
2012 6 13 1.2596
2012 6 14 1.2608
2012 6 15 1.2633
2012 6 18 1.2578
2012 6 19 1.2692
2012 6 20 1.2703
2012 6 21 1.2586
2012 6 22 1.2545
2012 6 25 1.248
2012 6 26 1.2471
2012 6 27 1.2457
2012 6 28 1.2433
2012 6 29 1.2668
2012 7 2 1.2584
2012 7 3 1.262
2012 7 5 1.2384
2012 7 6 1.2283
2012 7 9 1.2299
2012 7 10 1.2255
2012 7 11 1.2244
2012 7 12 1.2199
2012 7 13 1.2232
2012 7 16 1.2267
2012 7 17 1.2234
2012 7 18 1.2261
2012 7 19 1.2257
2012 7 20 1.2176
2012 7 23 1.2126
2012 7 24 1.2062
2012 7 25 1.2132
2012 7 26 1.228
2012 7 27 1.237
2012 7 30 1.225
2012 7 31 1.2315
2012 8 1 1.2299
2012 8 2 1.2149
2012 8 3 1.239
2012 8 6 1.2422
2012 8 7 1.2422
2012 8 8 1.2364
2012 8 9 1.2278
2012 8 10 1.2298
2012 8 13 1.2339
2012 8 14 1.2329
2012 8 15 1.2288
2012 8 16 1.2356
2012 8 17 1.2315
2012 8 20 1.2343
2012 8 21 1.2472
2012 8 22 1.2472
2012 8 23 1.2583
2012 8 24 1.2533
2012 8 27 1.2514
2012 8 28 1.2564
2012 8 29 1.2538
2012 8 30 1.2497
2012 8 31 1.2578
2012 9 4 1.2566
2012 9 5 1.2603
2012 9 6 1.2626
2012 9 7 1.2796
2012 9 10 1.2795
2012 9 11 1.2858
2012 9 12 1.2894
2012 9 13 1.2912
2012 9 14 1.3142
2012 9 17 1.3125
2012 9 18 1.3051
2012 9 19 1.3065
2012 9 20 1.2948
2012 9 21 1.299
2012 9 24 1.2909
2012 9 25 1.2945
2012 9 26 1.2852
2012 9 27 1.2874
2012 9 28 1.2856
2012 10 1 1.29
2012 10 2 1.2951
2012 10 3 1.2909
2012 10 4 1.3001
2012 10 5 1.3059
2012 10 9 1.2876
2012 10 10 1.2888
2012 10 11 1.2928
2012 10 12 1.2946
2012 10 15 1.295
2012 10 16 1.3036
2012 10 17 1.3133
2012 10 18 1.3106
2012 10 19 1.3022
2012 10 22 1.3063
2012 10 23 1.2971
2012 10 24 1.2946
2012 10 25 1.2958
2012 10 26 1.2938
2012 10 29 1.2906
2012 10 30 1.2979
2012 10 31 1.2958
2012 11 1 1.2937
2012 11 2 1.2848
2012 11 5 1.279
2012 11 6 1.2818
2012 11 7 1.2759
2012 11 8 1.274
2012 11 9 1.2715
2012 11 13 1.2716
2012 11 14 1.274
2012 11 15 1.2783
2012 11 16 1.2715
2012 11 19 1.2806
2012 11 20 1.2814
2012 11 21 1.2816
2012 11 23 1.2959
2012 11 26 1.2966
2012 11 27 1.294
2012 11 28 1.2923
2012 11 29 1.2953
2012 11 30 1.301
2012 12 3 1.3066
2012 12 4 1.3081
2012 12 5 1.3077
2012 12 6 1.2968
2012 12 7 1.2942
2012 12 10 1.293
2012 12 11 1.2992
2012 12 12 1.3038
2012 12 13 1.3077
2012 12 14 1.3134
2012 12 17 1.3169
2012 12 18 1.3224
2012 12 19 1.326
2012 12 20 1.3224
2012 12 21 1.3166
2012 12 24 1.3179
2012 12 26 1.3228
2012 12 27 1.3228
2012 12 28 1.322
2012 12 31 1.3186
2013 1 2 1.3195
2013 1 3 1.311
2013 1 4 1.3047
2013 1 7 1.3099
2013 1 8 1.3068
2013 1 9 1.3078
2013 1 10 1.322
2013 1 11 1.3353
2013 1 14 1.3369
2013 1 15 1.3342
2013 1 16 1.3305
2013 1 17 1.3356
2013 1 18 1.3303
2013 1 22 1.3304
2013 1 23 1.3308
2013 1 24 1.3378
2013 1 25 1.3456
2013 1 28 1.3459
2013 1 29 1.3484
2013 1 30 1.3564
2013 1 31 1.3584
2013 2 1 1.3692
2013 2 4 1.3527
2013 2 5 1.3569
2013 2 6 1.3528
2013 2 7 1.3382
2013 2 8 1.3366
2013 2 11 1.3414
2013 2 12 1.345
2013 2 13 1.3448
2013 2 14 1.3334
2013 2 15 1.3362
2013 2 19 1.3387
2013 2 20 1.335
2013 2 21 1.3204
2013 2 22 1.3166
2013 2 25 1.3172
2013 2 26 1.3054
2013 2 27 1.3104
2013 2 28 1.3079
2013 3 1 1.2988
2013 3 4 1.2996
2013 3 5 1.3019
2013 3 6 1.299
2013 3 7 1.3098
2013 3 8 1.2992
2013 3 11 1.3014
2013 3 12 1.3023
2013 3 13 1.2949
2013 3 14 1.2974
2013 3 15 1.3076
2013 3 18 1.2956
2013 3 19 1.2888
2013 3 20 1.295
2013 3 21 1.2928
2013 3 22 1.2996
2013 3 25 1.2881
2013 3 26 1.2858
2013 3 27 1.2782
2013 3 28 1.2842
2013 3 29 1.2816
2013 4 1 1.2857
2013 4 2 1.2836
2013 4 3 1.2847
2013 4 4 1.2854
2013 4 5 1.3027
2013 4 8 1.3008
2013 4 9 1.3092
2013 4 10 1.306
2013 4 11 1.3124
2013 4 12 1.3094
2013 4 15 1.3082
2013 4 16 1.3141
2013 4 17 1.3049
2013 4 18 1.3072
2013 4 19 1.3066
2013 4 22 1.305
2013 4 23 1.3012
2013 4 24 1.2997
2013 4 25 1.3004
2013 4 26 1.3024
2013 4 29 1.309
2013 4 30 1.3168
2013 5 1 1.3192
2013 5 2 1.3066
2013 5 3 1.3112
2013 5 6 1.3067
2013 5 7 1.3085
2013 5 8 1.3177
2013 5 9 1.3105
2013 5 10 1.2955
2013 5 13 1.2981
2013 5 14 1.2969
2013 5 15 1.2857
2013 5 16 1.2898
2013 5 17 1.2818
2013 5 20 1.2865
2013 5 21 1.291
2013 5 22 1.2864
2013 5 23 1.2944
2013 5 24 1.292
2013 5 28 1.287
2013 5 29 1.2944
2013 5 30 1.3042
2013 5 31 1.2988
2013 6 3 1.3098
2013 6 4 1.3075
2013 6 5 1.3088
2013 6 6 1.3248
2013 6 7 1.3242
2013 6 10 1.3234
2013 6 11 1.3278
2013 6 12 1.3354
2013 6 13 1.3314
2013 6 14 1.333
2013 6 17 1.3341
2013 6 18 1.3407
2013 6 19 1.3404
2013 6 20 1.3214
2013 6 21 1.3113
2013 6 24 1.3091
2013 6 25 1.308
2013 6 26 1.3006
2013 6 27 1.3016
2013 6 28 1.301
2013 7 1 1.306
2013 7 2 1.3017
2013 7 3 1.3005
2013 7 5 1.2831
2013 7 8 1.2863
2013 7 9 1.2774
2013 7 10 1.2846
2013 7 11 1.3046
2013 7 12 1.3048
2013 7 15 1.3039
2013 7 16 1.3144
2013 7 17 1.3094
2013 7 18 1.3078
2013 7 19 1.3142
2013 7 22 1.3193
2013 7 23 1.3212
2013 7 24 1.3228
2013 7 25 1.3234
2013 7 26 1.3269
2013 7 29 1.3262
2013 7 30 1.3266
2013 7 31 1.3282
2013 8 1 1.3217
2013 8 2 1.3268
2013 8 5 1.3257
2013 8 6 1.3296
2013 8 7 1.3329
2013 8 8 1.3392
2013 8 9 1.3338
2013 8 12 1.3312
2013 8 13 1.3247
2013 8 14 1.3256
2013 8 15 1.3263
2013 8 16 1.3321
2013 8 19 1.3348
2013 8 20 1.3426
2013 8 21 1.3368
2013 8 22 1.3362
2013 8 23 1.3392
2013 8 26 1.3369
2013 8 27 1.3387
2013 8 28 1.3326
2013 8 29 1.3228
2013 8 30 1.3196
2013 9 3 1.3164
2013 9 4 1.3212
2013 9 5 1.312
2013 9 6 1.3166
2013 9 9 1.326
2013 9 10 1.326
2013 9 11 1.3301
2013 9 12 1.3315
2013 9 13 1.3276
2013 9 16 1.335
2013 9 17 1.3357
2013 9 18 1.3351
2013 9 19 1.3527
2013 9 20 1.3522
2013 9 23 1.352
2013 9 24 1.349
2013 9 25 1.3536
2013 9 26 1.3484
2013 9 27 1.3537
2013 9 30 1.3535
2013 10 1 1.3534
2013 10 2 1.3592
2013 10 3 1.3642
2013 10 4 1.3582
2013 10 7 1.3569
2013 10 8 1.3582
2013 10 9 1.3513
2013 10 10 1.3535
2013 10 11 1.3559
2013 10 15 1.3494
2013 10 16 1.349
2013 10 17 1.3664
2013 10 18 1.3693
2013 10 21 1.3672
2013 10 22 1.3778
2013 10 23 1.3786
2013 10 24 1.381
2013 10 25 1.3794
2013 10 28 1.3786
2013 10 29 1.377
2013 10 30 1.3771
2013 10 31 1.3594
2013 11 1 1.3488
2013 11 4 1.3516
2013 11 5 1.347
2013 11 6 1.353
2013 11 7 1.339
2013 11 8 1.3357
2013 11 12 1.3428
2013 11 13 1.3456
2013 11 14 1.3468
2013 11 15 1.348
2013 11 18 1.352
2013 11 19 1.3529
2013 11 20 1.3451
2013 11 21 1.347
2013 11 22 1.3547
2013 11 25 1.3502
2013 11 26 1.3555
2013 11 27 1.3563
2013 11 29 1.3606
2013 12 2 1.3552
2013 12 3 1.3604
2013 12 4 1.3555
2013 12 5 1.3664
2013 12 6 1.369
2013 12 9 1.3726
2013 12 10 1.3765
2013 12 11 1.3798
2013 12 12 1.3752
2013 12 13 1.3724
2013 12 16 1.3757
2013 12 17 1.3748
2013 12 18 1.3766
2013 12 19 1.3666
2013 12 20 1.3673
2013 12 23 1.3701
2013 12 24 1.3676
2013 12 26 1.369
2013 12 27 1.3766
2013 12 30 1.3816
2013 12 31 1.3779
2014 1 2 1.367
2014 1 3 1.3606
2014 1 6 1.3636
2014 1 7 1.3618
2014 1 8 1.3586
2014 1 9 1.3591
2014 1 10 1.3664
2014 1 13 1.3647
2014 1 14 1.3682
2014 1 15 1.3604
2014 1 16 1.36
2014 1 17 1.3554
2014 1 21 1.356
2014 1 22 1.3546
2014 1 23 1.368
2014 1 24 1.368
2014 1 27 1.3679
2014 1 28 1.3662
2014 1 29 1.3663
2014 1 30 1.3549
2014 1 31 1.35
2014 2 3 1.3523
2014 2 4 1.3507
2014 2 5 1.3519
2014 2 6 1.3604
2014 2 7 1.3614
2014 2 10 1.3644
2014 2 11 1.3654
2014 2 12 1.3592
2014 2 13 1.3669
2014 2 14 1.369
2014 2 18 1.3758
2014 2 19 1.3762
2014 2 20 1.369
2014 2 21 1.3722
2014 2 24 1.3744
2014 2 25 1.3749
2014 2 26 1.3668
2014 2 27 1.3724
2014 2 28 1.3806
2014 3 3 1.3763
2014 3 4 1.3731
2014 3 5 1.3734
2014 3 6 1.3848
2014 3 7 1.3868
2014 3 10 1.388
2014 3 11 1.3867
2014 3 12 1.3904
2014 3 13 1.3927
2014 3 14 1.3924
2014 3 17 1.3927
2014 3 18 1.3913
2014 3 19 1.391
2014 3 20 1.3784
2014 3 21 1.3783
2014 3 24 1.3784
2014 3 25 1.3777
2014 3 26 1.3786
2014 3 27 1.3752
2014 3 28 1.3753
2014 3 31 1.3777
2014 4 1 1.3804
2014 4 2 1.3761
2014 4 3 1.3708
2014 4 4 1.3704
2014 4 7 1.3745
2014 4 8 1.3802
2014 4 9 1.3816
2014 4 10 1.3892
2014 4 11 1.3898
2014 4 14 1.3824
2014 4 15 1.3806
2014 4 16 1.382
2014 4 17 1.3832
2014 4 18 1.3816
2014 4 21 1.379
2014 4 22 1.3804
2014 4 23 1.3814
2014 4 24 1.3828
2014 4 25 1.3838
2014 4 28 1.3844
2014 4 29 1.3808
2014 4 30 1.387
2014 5 1 1.3867
2014 5 2 1.3864
2014 5 5 1.3884
2014 5 6 1.3924
2014 5 7 1.3917
2014 5 8 1.3864
2014 5 9 1.3763
2014 5 12 1.376
2014 5 13 1.3711
2014 5 14 1.3718
2014 5 15 1.3712
2014 5 16 1.3708
2014 5 19 1.3716
2014 5 20 1.3702
2014 5 21 1.3657
2014 5 22 1.3652
2014 5 23 1.3628
2014 5 27 1.3618
2014 5 28 1.3596
2014 5 29 1.3608
2014 5 30 1.364
2014 6 2 1.3606
2014 6 3 1.3624
2014 6 4 1.3619
2014 6 5 1.3618
2014 6 6 1.3639
2014 6 9 1.3589
2014 6 10 1.3543
2014 6 11 1.3532
2014 6 12 1.3556
2014 6 13 1.3522
2014 6 16 1.3578
2014 6 17 1.3543
2014 6 18 1.3567
2014 6 19 1.362
2014 6 20 1.3586
2014 6 23 1.3593
2014 6 24 1.3588
2014 6 25 1.3638
2014 6 26 1.361
2014 6 27 1.3631
2014 6 30 1.369
2014 7 1 1.3681
2014 7 2 1.3656
2014 7 3 1.361
2014 7 7 1.3604
2014 7 8 1.3614
2014 7 9 1.363
2014 7 10 1.36
2014 7 11 1.3598
2014 7 14 1.362
2014 7 15 1.3573
2014 7 16 1.353
2014 7 17 1.353
2014 7 18 1.3515
2014 7 21 1.3524
2014 7 22 1.347
2014 7 23 1.3462
2014 7 24 1.3468
2014 7 25 1.3431
2014 7 28 1.344
2014 7 29 1.341
2014 7 30 1.3378
2014 7 31 1.339
2014 8 1 1.3436
2014 8 4 1.3414
2014 8 5 1.3366
2014 8 6 1.3355
2014 8 7 1.3362
2014 8 8 1.3412
2014 8 11 1.3385
2014 8 12 1.3357
2014 8 13 1.3367
2014 8 14 1.3376
2014 8 15 1.3392
2014 8 18 1.3358
2014 8 19 1.332
2014 8 20 1.3284
2014 8 21 1.3284
2014 8 22 1.3237
2014 8 25 1.3206
2014 8 26 1.3189
2014 8 27 1.3192
2014 8 28 1.3178
2014 8 29 1.315
2014 9 2 1.3124
2014 9 3 1.3136
2014 9 4 1.2926
2014 9 5 1.2956
2014 9 8 1.2948
2014 9 9 1.2909
2014 9 10 1.2908
2014 9 11 1.2936
2014 9 12 1.2955
2014 9 15 1.2951
2014 9 16 1.2976
2014 9 17 1.2958
2014 9 18 1.2913
2014 9 19 1.2835
2014 9 22 1.2829
2014 9 23 1.2858
2014 9 24 1.2788
2014 9 25 1.2748
2014 9 26 1.2686
2014 9 29 1.2703
2014 9 30 1.2628
2014 10 1 1.2618
2014 10 2 1.267
2014 10 3 1.2517
2014 10 6 1.2592
2014 10 7 1.2626
2014 10 8 1.2683
2014 10 9 1.2683
2014 10 10 1.2636
2014 10 14 1.266
2014 10 15 1.2778
2014 10 16 1.2812
2014 10 17 1.2755
2014 10 20 1.2783
2014 10 21 1.2724
2014 10 22 1.2658
2014 10 23 1.2658
2014 10 24 1.2675
2014 10 27 1.2712
2014 10 28 1.2747
2014 10 29 1.2762
2014 10 30 1.2622
2014 10 31 1.253
2014 11 3 1.2487
2014 11 4 1.2554
2014 11 5 1.2488
2014 11 6 1.2414
2014 11 7 1.2422
2014 11 10 1.2425
2014 11 12 1.2456
2014 11 13 1.2476
2014 11 14 1.2494
2014 11 17 1.2447
2014 11 18 1.2534
2014 11 19 1.2548
2014 11 20 1.2526
2014 11 21 1.2394
2014 11 24 1.2427
2014 11 25 1.2472
2014 11 26 1.2503
2014 11 28 1.2438
2014 12 1 1.249
2014 12 2 1.239
2014 12 3 1.2304
2014 12 4 1.2432
2014 12 5 1.2304
2014 12 8 1.2292
2014 12 9 1.2415
2014 12 10 1.2425
2014 12 11 1.2397
2014 12 12 1.2484
2014 12 15 1.247
2014 12 16 1.2504
2014 12 17 1.2406
2014 12 18 1.2291
2014 12 19 1.2235
2014 12 22 1.2252
2014 12 23 1.218
2014 12 24 1.2188
2014 12 29 1.2179
2014 12 30 1.2174
2014 12 31 1.2101
2015 1 2 1.2015
2015 1 5 1.1918
2015 1 6 1.1936
2015 1 7 1.182
2015 1 8 1.1811
2015 1 9 1.183
2015 1 12 1.1832
2015 1 13 1.1779
2015 1 14 1.1806
2015 1 15 1.1598
2015 1 16 1.1517
2015 1 20 1.1559
2015 1 21 1.1584
2015 1 22 1.1414
2015 1 23 1.1279
2015 1 26 1.129
2015 1 27 1.137
2015 1 28 1.1342
2015 1 29 1.1308
2015 1 30 1.129
2015 2 2 1.1337
2015 2 3 1.1462
2015 2 4 1.1418
2015 2 5 1.1432
2015 2 6 1.133
2015 2 9 1.1316
2015 2 10 1.1316
2015 2 11 1.13
2015 2 12 1.141
2015 2 13 1.1408
2015 2 17 1.1395
2015 2 18 1.1342
2015 2 19 1.1392
2015 2 20 1.1372
2015 2 23 1.1346
2015 2 24 1.1307
2015 2 25 1.1363
2015 2 26 1.1212
2015 2 27 1.1197
2015 3 2 1.119
2015 3 3 1.1212
2015 3 4 1.107
2015 3 5 1.1006
2015 3 6 1.0855
2015 3 9 1.0846
2015 3 10 1.0707
2015 3 11 1.0576
2015 3 12 1.0615
2015 3 13 1.0524
2015 3 16 1.0575
2015 3 17 1.0605
2015 3 18 1.0643
2015 3 19 1.0621
2015 3 20 1.0792
2015 3 23 1.0928
2015 3 24 1.0908
2015 3 25 1.0986
2015 3 26 1.0919
2015 3 27 1.0891
2015 3 30 1.0818
2015 3 31 1.0741
2015 4 1 1.0768
2015 4 2 1.0874
2015 4 3 1.099
2015 4 6 1.1008
2015 4 7 1.085
2015 4 8 1.0818
2015 4 9 1.0671
2015 4 10 1.0598
2015 4 13 1.0582
2015 4 14 1.0672
2015 4 15 1.0596
2015 4 16 1.0742
2015 4 17 1.078
2015 4 20 1.0763
2015 4 21 1.0758
2015 4 22 1.0729
2015 4 23 1.0803
2015 4 24 1.0876
2015 4 27 1.0892
2015 4 28 1.0979
2015 4 29 1.1174
2015 4 30 1.1162
2015 5 1 1.1194
2015 5 4 1.1145
2015 5 5 1.1174
2015 5 6 1.1345
2015 5 7 1.1283
2015 5 8 1.1241
2015 5 11 1.1142
2015 5 12 1.124
2015 5 13 1.1372
2015 5 14 1.1368
2015 5 15 1.1428
2015 5 18 1.1354
2015 5 19 1.1151
2015 5 20 1.1079
2015 5 21 1.1126
2015 5 22 1.1033
2015 5 26 1.0876
2015 5 27 1.0888
2015 5 28 1.0914
2015 5 29 1.0994
2015 6 1 1.0913
2015 6 2 1.113
2015 6 3 1.1285
2015 6 4 1.1271
2015 6 5 1.1108
2015 6 8 1.1232
2015 6 9 1.1284
2015 6 10 1.1307
2015 6 11 1.1236
2015 6 12 1.1278
2015 6 15 1.1266
2015 6 16 1.1238
2015 6 17 1.1244
2015 6 18 1.1404
2015 6 19 1.1335
2015 6 22 1.1378
2015 6 23 1.119
2015 6 24 1.1178
2015 6 25 1.1196
2015 6 26 1.1156
2015 6 29 1.118
2015 6 30 1.1154
2015 7 1 1.1084
2015 7 2 1.109
2015 7 6 1.1076
2015 7 7 1.0952
2015 7 8 1.1072
2015 7 9 1.1025
2015 7 10 1.115
2015 7 13 1.102
2015 7 14 1.1015
2015 7 15 1.0965
2015 7 16 1.0898
2015 7 17 1.0848
2015 7 20 1.085
2015 7 21 1.0927
2015 7 22 1.0884
2015 7 23 1.0976
2015 7 24 1.0976
2015 7 27 1.1112
2015 7 28 1.1055
2015 7 29 1.1026
2015 7 30 1.0914
2015 7 31 1.1028
2015 8 3 1.0962
2015 8 4 1.0953
2015 8 5 1.0868
2015 8 6 1.0922
2015 8 7 1.0958
2015 8 10 1.0994
2015 8 11 1.1042
2015 8 12 1.1198
2015 8 13 1.1144
2015 8 14 1.111
2015 8 17 1.1078
2015 8 18 1.1028
2015 8 19 1.1061
2015 8 20 1.12
2015 8 21 1.1356
2015 8 24 1.158
2015 8 25 1.141
2015 8 26 1.139
2015 8 27 1.1239
2015 8 28 1.1172
2015 8 31 1.1194
2015 9 1 1.1263
2015 9 2 1.1242
2015 9 3 1.1104
2015 9 4 1.1117
2015 9 8 1.1182
2015 9 9 1.1165
2015 9 10 1.1262
2015 9 11 1.1338
2015 9 14 1.1307
2015 9 15 1.126
2015 9 16 1.1304
2015 9 17 1.1312
2015 9 18 1.1358
2015 9 21 1.1204
2015 9 22 1.1133
2015 9 23 1.116
2015 9 24 1.1252
2015 9 25 1.1192
2015 9 28 1.1236
2015 9 29 1.1246
2015 9 30 1.1162
2015 10 1 1.12
2015 10 2 1.1276
2015 10 5 1.12
2015 10 6 1.1266
2015 10 7 1.1249
2015 10 8 1.1282
2015 10 9 1.1363
2015 10 13 1.1382
2015 10 14 1.1437
2015 10 15 1.1418
2015 10 16 1.136
2015 10 19 1.132
2015 10 20 1.1359
2015 10 21 1.1345
2015 10 22 1.114
2015 10 23 1.1016
2015 10 26 1.1051
2015 10 27 1.1052
2015 10 28 1.1066
2015 10 29 1.0963
2015 10 30 1.1042
2015 11 2 1.1026
2015 11 3 1.0946
2015 11 4 1.0861
2015 11 5 1.0869
2015 11 6 1.0746
2015 11 9 1.0767
2015 11 10 1.0686
2015 11 12 1.0768
2015 11 13 1.0722
2015 11 16 1.0708
2015 11 17 1.0634
2015 11 18 1.0638
2015 11 19 1.0746
2015 11 20 1.066
2015 11 23 1.0602
2015 11 24 1.0652
2015 11 25 1.0616
2015 11 27 1.0596
2015 11 30 1.0562
2015 12 1 1.062
2015 12 2 1.0573
2015 12 3 1.0902
2015 12 4 1.0884
2015 12 7 1.084
2015 12 8 1.0876
2015 12 9 1.0984
2015 12 10 1.0948
2015 12 11 1.1002
2015 12 14 1.1025
2015 12 15 1.0911
2015 12 16 1.0937
2015 12 17 1.0804
2015 12 18 1.0847
2015 12 21 1.092
2015 12 22 1.0978
2015 12 23 1.0875
2015 12 24 1.0955
2015 12 28 1.0983
2015 12 29 1.0916
2015 12 30 1.0912
2015 12 31 1.0859
2016 1 4 1.0803
2016 1 5 1.0743
2016 1 6 1.0762
2016 1 7 1.086
2016 1 8 1.0885
2016 1 11 1.0878
2016 1 12 1.0837
2016 1 13 1.0862
2016 1 14 1.0862
2016 1 15 1.0964
2016 1 19 1.0906
2016 1 20 1.0908
2016 1 21 1.0833
2016 1 22 1.0814
2016 1 25 1.0832
2016 1 26 1.0846
2016 1 27 1.0867
2016 1 28 1.0952
2016 1 29 1.0832
2016 2 1 1.0888
2016 2 2 1.0908
2016 2 3 1.1051
2016 2 4 1.1199
2016 2 5 1.1131
2016 2 8 1.117
2016 2 9 1.13
2016 2 10 1.1222
2016 2 11 1.1362
2016 2 12 1.1235
2016 2 16 1.114
2016 2 17 1.114
2016 2 18 1.1092
2016 2 19 1.1127
2016 2 22 1.1018
2016 2 23 1.1016
2016 2 24 1.1021
2016 2 25 1.1026
2016 2 26 1.0932
2016 2 29 1.0868
2016 3 1 1.0847
2016 3 2 1.0845
2016 3 3 1.0948
2016 3 4 1.101
2016 3 7 1.1004
2016 3 8 1.1028
2016 3 9 1.1022
2016 3 10 1.1162
2016 3 11 1.118
2016 3 14 1.1107
2016 3 15 1.1112
2016 3 16 1.1075
2016 3 17 1.1316
2016 3 18 1.1292
